# oST version 5.0 parameters


[image]

width
2056

height
1542

[narrow_stereo]

camera matrix
1759.963229 0.000000 1000.649809
0.000000 1760.305409 764.933005
0.000000 0.000000 1.000000

distortion
0.136323 0.684112 0.001126 -0.004875 0.000000

rectification
1.000000 0.000000 0.000000
0.000000 1.000000 0.000000
0.000000 0.000000 1.000000

projection
2052.776123 0.000000 1000.438403 0.000000
0.000000 2057.311768 766.397934 0.000000
0.000000 0.000000 1.000000 0.000000

